A TABLE OF EXCISE FOR SMALL BEER FOR COMMON BREWERS, At 9 d. the Barrel, With
the Allowances of Two and an half in Twenty three, In Neat MONEY, From One to
Five Thousand: IN WHICH The ADDITIONAL is separate from the other DUTY.

The First Column is, The Duty with the Additional. The Second is, The Duty
without the Additional. The Third is, The Additional Duty only.

Published by ORDER of the GRAND COMMISSIONERS of EXCISE.

LONDON, Printed by Eliz. Holt, 1690.

The Duty of EXCISE for Small BEER, for Common BREWERS.
The Duty with the Additional. Without the Additional. The Additional only.
Bar. l. s. d. q parts l. s. d. q parts l. s. d. q. parts 1 0 0 8 0 2 0 0 5 1 9
0 0 2 2 16 2 0 1 4 0 4 0 0 10 2 18 0 0 5 1 9 3 0 2 0 0 6 0 1 4 0 4 0 0 8 0 2 4
0 2 8 0 8 0 1 9 1 13 0 0 10 2 18 5 0 3 4 0 10 0 2 2 2 11 0 1 1 1 11 6 0 4 0 0
12 0 2 8 0 8 0 1 4 0 4 7 0 4 8 0 14 0 3 1 1 17 0 1 6 2 20 8 0 5 4 0 16 0 3 6 3
3 0 1 9 1 13 9 0 6 0 0 18 0 4 0 0 12 0 2 0 0 6 10 0 6 8 0 20 0 4 5 1 21 0 2 2 2
22 11 0 7 4 0 22 0 4 10 3 7 0 2 5 1 15 12 0 8 0 1 1 0 5 4 0 16 0 2 8 0 8 13 0 8
8 1 3 0 5 9 2 2 0 2 10 3 1 14 0 9 4 1 5 0 6 2 3 11 0 3 1 1 17 15 0 10 0 1 7 0 6
8 0 20 0 3 4 0 10 16 0 10 8 1 9 0 7 1 2 6 0 3 6 3 3 17 0 11 4 1 11 0 7 6 3 15 0
3 9 1 19 18 0 12 0 1 13 0 8 0 1 1 0 4 0 0 12 19 0 12 8 1 15 0 8 5 2 10 0 4 2 3
5 20 0 13 4 1 17 0 8 10 3 19 0 4 5 1 21 21 0 14 0 1 19 0 9 4 1 5 0 4 8 0 14 22
0 14 8 1 21 0 9 9 2 14 0 4 10 3 7 23 0 15 4 2 0 0 10 3 0 0 0 5 1 2 0 24 0 16 0
2 2 0 10 8 1 9 0 5 4 0 16 25 0 16 8 2 4 0 11 1 2 18 0 5 6 3 9 26 0 17 4 2 6 0
11 7 0 4 0 5 9 2 1 27 0 18 0 2 8 0 12 0 1 13 0 6 0 0 18 28 0 18 8 2 10 0 12 5 2
22 0 6 2 3 11 29 0 19 4 2 12 0 12 11 0 8 0 6 5 2 4 30 1 0 0 2 14 0 13 4 1 17 0
6 8 0 20 31 1 0 8 2 16 0 13 9 3 3 0 6 10 3 13 32 1 1 4 2 18 0 14 3 0 12 0 7 1 2
6 33 1 2 0 2 20 0 14 8 1 21 0 7 4 0 22 34 1 2 8 2 22 0 15 1 3 7 0 7 6 3 15 35 1
3 4 3 1 0 15 7 0 16 0 7 9 2 8 36 1 4 0 3 3 0 16 0 2 2 0 8 0 1 1 37 1 4 8 3 5 0
16 5 3 11 0 8 2 3 17 38 1 5 4 3 7 0 16 11 0 20 0 8 5 2 10 39 1 6 0 3 9 0 17 4 2
6 0 8 8 1 3 40 1 6 8 3 11 0 17 9 3 15 0 8 10 3 19 41 1 7 4 3 13 0 18 3 1 1 0 9
1 2 12 42 1 8 0 3 15 0 18 8 2 10 0 9 4 1 5 43 1 8 8 3 17 0 19 1 3 19 0 9 6 3 21
44 1 9 4 3 19 0 19 7 1 5 0 9 9 2 14 45 1 10 0 3 21 1 0 0 2 14 0 10 0 1 7 46 1
10 9 0 0 1 0 6 0 0 0 10 3 0 0 47 1 11 5 0 2 1 0 11 1 9 0 10 5 2 16 48 1 12 1 0
4 1 1 4 2 18 0 10 8 1 9 49 1 12 9 0 6 1 1 10 0 4 0 10 11 0 2 50 1 13 5 0 8 1 2
3 1 13 0 11 1 2 18 51 1 14 1 0 10 1 2 8 2 22 0 11 4 1 11 52 1 14 9 0 12 1 3 2 0
8 0 11 7 0 4 53 1 15 5 0 14 1 3 7 1 17 0 11 9 2 20 54 1 16 1 0 16 1 4 0 3 3 0
12 0 1 13 55 1 16 9 0 18 1 4 6 0 12 0 12 3 0 6 56 1 17 5 0 20 1 4 11 1 21 0 12
5 2 22 57 1 18 1 0 22 1 5 4 3 7 0 12 8 1 15 58 1 18 9 1 1 1 5 10 0 16 0 12 11 0
8 59 1 19 5 1 3 1 6 3 2 2 0 13 1 3 1 60 2 0 1 1 5 1 6 8 3 11 0 13 4 1 17 61 2 0
9 1 7 1 7 2 0 20 0 13 7 0 10 62 2 1 5 1 9 1 7 7 2 6 0 13 9 3 3 63 2 2 1 1 11 1
8 0 3 15 0 14 0 1 19 64 2 2 9 1 13 1 8 6 1 1 0 14 3 0 12 65 2 3 5 1 15 1 8 11 2
10 0 14 5 3 5 66 2 4 1 1 17 1 9 4 3 19 0 14 8 1 21 67 2 4 9 1 19 1 9 10 1 5 0
14 11 0 14 68 2 5 5 1 21 1 10 3 2 14 0 15 1 3 7 69 2 6 1 2 0 1 10 9 0 0 0 15 4
2 0 70 2 6 9 2 2 1 11 2 1 9 0 15 7 0 16 71 2 7 5 2 4 1 11 7 2 18 0 15 9 3 9 72
2 8 1 2 6 1 12 1 0 4 0 16 0 2 2 73 2 8 9 2 8 1 12 6 1 13 0 16 3 0 18 74 2 9 5 2
10 1 12 11 2 22 0 16 3 0 18 75 2 10 1 2 21 1 13 5 0 8 0 16 8 2 4 76 2 10 9 2 14
1 13 10 1 17 0 16 11 0 20 77 2 11 5 2 16 1 14 3 3 3 0 17 1 3 13 78 2 12 1 2 18
1 14 9 0 12 0 17 4 2 6 79 2 12 9 2 20 1 15 2 1 21 0 17 7 0 22 80 2 13 5 2 22 1
15 7 3 7 0 17 9 3 15 81 2 14 1 3 1 1 16 1 0 16 0 18 0 2 8 82 2 14 9 3 3 1 16 6
2 2 0 18 3 1 1 83 2 15 5 3 5 1 16 11 3 11 0 18 5 3 17 84 2 16 1 3 7 1 17 5 0 20
0 18 8 2 10 85 2 16 9 3 9 1 17 10 2 6 0 18 11 1 3 86 2 17 5 3 11 1 18 3 3 15 0
19 1 3 19 87 2 18 1 3 13 1 18 9 1 1 0 19 4 2 12 88 2 18 9 3 15 1 19 2 2 10 0 19
7 1 5 89 2 19 5 3 17 1 19 7 3 19 0 19 9 3 21 90 3 0 1 3 19 2 0 1 1 5 1 0 0 2 14
91 3 0 9 3 21 2 0 6 2 14 1 0 3 1 7 92 3 1 6 0 0 2 1 0 0 0 1 0 6 0 0 93 3 2 2 0
2 2 1 5 1 9 1 0 8 2 16 94 3 2 10 0 4 2 1 10 2 18 1 0 11 1 9 95 3 3 6 0 6 2 2 4
0 4 1 1 2 0 2 96 3 4 2 0 8 2 2 9 1 13 1 1 4 2 18 97 3 4 10 0 10 2 3 2 2 22 1 1
7 1 11 98 3 5 6 0 12 2 3 8 0 8 1 1 10 0 4 99 3 6 2 0 14 2 4 1 1 17 1 2 0 2 20
100 3 6 10 0 16 2 4 6 3 3 1 2 3 ^ 13 101 3 7 6 0 18 2 5 0 0 12 1 2 6 0 6 102 3
8 2 0 20 2 5 5 1 21 1 2 8 2 22 103 3 8 10 0 22 2 5 10 3 7 1 2 11 1 15 104 3 9 6
1 1 2 6 4 0 16 1 3 2 0 8 105 3 10 2 1 3 2 6 9 2 2 1 3 4 3 1 106 3 10 10 1 5 2 7
2 3 11 1 3 7 1 17 107 3 11 6 1 7 2 7 8 0 20 1 3 10 0 10 108 3 12 2 1 9 2 8 1 2
6 1 4 0 3 3 109 3 12 10 1 11 2 8 6 3 15 1 4 3 1 19 110 3 13 6 1 13 2 9 0 1 1 1
4 6 0 12 111 3 14 2 1 15 2 9 5 2 10 1 4 8 3 5 112 3 14 10 17 2 9 10 3 19 1 4 11
1 21 113 3 15 6 1 19 2 10 4 1 5 1 5 2 0 14 114 3 16 2 1 21 2 10 9 2 14 1 5 4 3
7 115 3 16 10 2 0 2 11 3 0 0 1 5 7 2 0 116 3 17 6 2 2 2 11 8 1 9 1 5 10 0 16
117 3 18 2 2 4 2 12 1 2 18 1 6 0 3 9 118 3 18 10 2 6 2 12 7 0 4 1 6 3 2 2 119 3
19 6 2 8 2 13 0 1 13 1 6 6 0 18 120 4 0 2 2 10 2 13 5 22 1 6 8 3 11 121 4 0 10
2 12 2 13 11 0 8 1 6 11 2 4 122 4 1 6 2 14 2 14 4 1 17 1 7 2 0 20 123 4 2 2 2
16 2 14 9 3 3 1 7 4 3 13 124 4 2 10 2 18 2 15 3 0 12 1 7 7 7 6 125 4 3 6 2 20 2
15 8 1 21 1 7 10 0 22 126 4 4 2 2 22 2 16 1 3 7 1 8 0 3 15 127 4 4 10 3 1 2 16
7 0 16 1 8 3 2 8 128 4 5 6 3 3 2 17 0 2 2 1 8 6 1 1 129 4 6 2 3 5 2 17 5 3 11 1
8 8 3 17 130 4 6 10 3 7 2 17 11 0 20 1 8 11 2 10 131 4 7 6 3 9 2 18 4 2 6 1 9 2
1 3 132 4 8 2 3 11 2 18 9 3 15 1 9 4 3 19 133 4 8 10 3 13 2 19 3 1 1 1 9 7 2 12
134 4 9 6 3 15 2 19 8 2 10 1 9 10 1 5 135 4 10 2 3 17 3 0 1 3 19 1 10 0 3 21
136 4 10 10 3 19 3 0 7 1 5 1 10 3 2 14 137 4 11 6 3 21 3 1 0 2 14 1 10 6 1 7
138 4 12 3 0 0 3 1 6 0 0 1 10 9 0 0 139 4 12 11 0 2 3 1 11 1 9 1 10 11 2 16 140
4 13 7 0 4 3 2 4 2 18 1 11 2 1 9 141 4 14 3 0 6 3 2 10 0 4 1 11 5 0 2 142 4 14
11 0 8 3 3 3 1 13 1 11 7 2 18 143 4 15 7 0 10 3 3 8 2 22 1 11 10 1 11 144 4 16
3 0 12 3 4 2 0 8 1 12 1 0 4 145 4 16 11 0 14 3 4 7 1 17 1 12 3 2 20 146 4 17 7
0 16 3 5 0 3 3 1 12 6 1 13 147 4 18 3 0 18 3 5 6 0 12 1 12 9 0 6 148 4 18 11 0
20 3 5 11 1 21 1 12 11 2 22 149 4 19 7 0 22 3 6 4 3 7 1 13 2 1 15 150 5 0 3 1 1
3 6 10 0 16 1 13 5 0 8 151 5 0 11 1 3 3 7 3 2 2 1 13 7 3 1 152 5 1 7 1 5 3 7 8
3 11 1 13 10 1 17 153 5 2 3 1 7 3 8 2 0 20 1 14 1 0 10 154 5 2 11 1 9 3 8 7 2 6
1 14 3 3 3 155 5 3 7 1 11 3 9 0 3 15 1 14 6 1 19 156 5 4 3 1 13 3 9 6 1 1 1 14
9 0 12 157 5 4 11 1 15 3 9 11 2 10 1 14 11 3 5 158 5 5 7 1 17 3 10 4 3 19 1 15
2 1 21 159 5 6 3 1 19 3 10 10 1 5 1 15 5 0 14 160 5 6 11 1 21 3 11 3 2 14 1 15
7 3 7 161 5 7 7 2 0 3 11 9 0 0 1 15 10 2 0 162 5 8 3 2 2 3 12 2 1 9 1 16 1 0 16
163 5 8 11 2 4 3 12 7 2 18 1 16 3 3 9 164 5 9 7 2 6 3 13 1 0 4 1 16 6 2 2 165 5
10 3 2 8 3 13 6 1 13 1 16 9 0 18 166 5 10 11 2 10 3 13 11 2 22 1 16 11 3 11 167
5 11 7 2 12 3 14 5 0 8 1 17 2 2 4 168 5 12 3 2 14 3 14 10 1 17 1 17 5 0 20 169
5 12 11 2 16 3 15 3 3 3 1 17 7 3 13 170 5 13 7 2 18 3 15 9 0 12 1 17 10 2 6 171
5 14 3 2 20 3 16 2 1 21 1 18 1 0 22 172 5 14 11 2 22 3 16 7 3 7 1 18 3 3 15 173
5 15 7 3 1 3 17 1 0 16 1 18 6 2 8 174 5 16 3 3 3 3 17 6 2 2 1 18 9 1 1 175 5 16
11 3 5 3 17 11 3 11 1 18 11 3 17 176 5 17 7 3 7 3 18 5 0 20 1 19 2 2 10 177 5
18 3 3 9 3 18 10 2 6 1 19 5 1 3 178 5 18 11 3 11 3 19 3 3 15 1 19 7 3 19 179 5
19 7 3 13 3 19 9 1 1 1 19 10 2 12 180 6 0 3 3 15 4 0 2 2 10 2 0 1 1 5 181 6 0
11 3 17 4 0 7 3 19 2 0 3 3 21 182 6 1 7 3 19 4 1 1 1 5 2 0 6 2 14 183 6 2 3 3
21 4 1 6 2 14 2 0 9 1 7 184 6 3 0 0 0 4 2 0 0 0 2 1 0 0 0 185 6 3 8 0 (...) 4 2
5 1 9 2 1 2 2 16 186 6 4 4 0 4 4 2 10 2 18 2 1 5 1 9 187 6 5 0 0 6 4 3 4 0 4 2
1 8 0 2 188 6 5 8 0 8 4 3 9 1 13 2 1 10 2 18 189 6 6 4 0 10 4 4 2 2 22 2 2 1 1
11 190 6 7 0 0 12 4 4 8 0 8 2 2 4 0 4 191 6 7 8 0 14 4 5 1 1 17 2 2 6 2 20 192
6 8 4 0 16 4 5 6 3 3 2 2 9 1 13 193 6 9 0 0 18 4 6 0 0 12 2 3 0 0 6 194 6 9 8 0
20 4 6 5 1 21 2 3 2 2 22 195 6 10 4 0 22 4 6 10 3 7 2 3 5 1 15 196 6 11 0 1 1 4
7 4 0 16 2 3 8 0 8 197 6 11 8 1 3 4 7 9 2 2 2 3 10 3 1 198 6 12 4 1 5 4 8 2 3
11 2 4 1 1 17 199 6 13 0 1 7 4 8 8 0 20 2 4 4 0 10 200 6 13 8 1 9 4 9 1 2 6 2 4
6 3 3 201 6 14 4 1 11 4 9 6 3 15 2 4 9 1 19 202 6 15 0 1 13 4 10 0 1 1 2 5 0 0
12 203 6 15 8 1 15 4 10 5 2 10 2 5 2 3 5 204 6 16 4 1 17 4 10 10 3 19 2 5 5 1
31 205 6 17 0 1 19 4 11 4 1 5 2 5 8 0 14 206 6 17 8 1 21 4 11 9 2 14 2 5 10 3 7
207 6 18 4 2 0 4 12 3 0 0 2 6 1 2 0 208 6 19 0 2 2 4 12 8 1 9 2 6 4 0 16 209 6
19 8 2 4 4 13 1 2 18 2 6 6 3 9 210 7 0 4 2 6 4 13 7 0 4 2 6 9 2 2 211 7 1 0 2 8
4 14 0 1 13 2 7 0 0 18 212 7 1 8 2 10 4 14 5 2 22 2 7 2 3 11 213 7 2 4 2 12 4
14 11 0 8 2 7 5 2 4 214 7 3 0 2 14 4 15 4 1 17 2 7 8 0 20 215 7 3 8 2 16 4 15 9
3 3 2 7 10 3 13 216 7 4 4 2 18 4 16 3 0 12 2 8 1 2 6 217 7 5 0 2 20 4 16 8 1 21
2 8 4 0 22 218 7 5 8 2 22 4 17 1 3 7 2 8 6 3 15 219 7 6 4 3 1 4 17 7 0 16 2 8 9
2 8 220 7 7 0 3 3 4 18 0 2 2 2 9 0 1 1 221 7 7 8 3 5 4 18 5 3 11 2 9 2 3 17 222
7 8 4 3 7 4 18 11 0 20 2 9 5 2 10 223 7 9 0 3 9 4 19 4 2 6 2 9 8 1 3 224 7 9 8
3 11 4 19 9 3 15 2 9 10 3 19 225 7 10 4 3 13 5 0 3 1 1 2 10 1 2 12 226 7 11 0 3
15 5 0 8 2 10 2 10 4 1 5 227 7 11 8 3 17 5 1 1 3 19 2 10 6 3 21 228 7 12 4 3 19
5 1 7 1 5 2 10 9 2 14 229 7 13 0 3 21 5 2 0 2 14 2 11 0 1 7 230 7 13 9 0 9 5 2
6 0 0 2 11 3 0 0 231 7 14 5 0 2 5 2 11 1 9 2 11 5 2 16 232 7 15 1 0 4 5 3 4 2
18 2 11 8 1 0 233 7 15 9 0 6 5 3 10 0 4 2 11 11 0 2 234 7 16 5 0 8 5 4 3 1 13 2
12 1 2 18 235 7 17 1 0 10 5 4 8 2 22 2 12 4 1 11 236 7 17 9 0 12 5 5 2 0 8 2 12
7 0 4 237 7 18 5 0 14 5 5 7 1 17 2 12 9 2 20 238 7 19 1 0 16 5 6 0 3 3 2 13 0 1
13 239 7 19 9 0 18 5 6 6 0 12 2 13 3 0 6 240 8 0 5 0 20 5 6 11 1 21 2 13 5 2 22
241 8 1 1 0 22 5 7 4 3 7 2 13 8 1 15 242 8 1 9 1 1 5 7 10 0 16 2 13 11 0 8 243
8 2 5 1 3 5 8 3 2 2 2 14 1 3 1 244 8 3 1 1 5 5 8 8 3 11 2 14 4 1 17 245 8 3 9 1
7 5 9 2 0 20 2 14 7 0 10 246 8 4 5 1 9 5 9 7 2 6 2 14 9 3 3 247 8 5 1 1 11 5 10
0 3 15 2 15 0 1 19 248 8 5 9 1 13 5 10 6 1 1 2 15 3 0 12 249 8 6 5 1 15 5 10 11
2 13 2 15 5 3 5 250 8 7 1 1 17 5 11 4 1 19 2 15 8 1 21 251 8 7 9 1 19 5 11 10 1
5 2 15 11 0 14 252 8 8 5 1 21 5 12 3 2 14 2 16 1 3 7 253 8 9 1 2 0 5 12 9 0 0 2
16 4 2 0 254 8 9 9 2 2 5 13 2 1 9 2 16 7 0 16 255 8 10 5 2 4 5 13 7 2 18 2 16 9
3 9 256 8 11 1 2 6 5 14 1 0 4 2 17 0 2 2 257 8 11 9 2 8 5 14 6 1 13 2 17 3 0 18
258 8 12 5 2 10 5 14 11 2 22 2 17 5 3 11 259 8 13 1 2 12 5 15 5 0 8 2 17 8 2 4
260 8 13 9 2 14 5 15 10 1 17 2 17 11 0 20 261 8 14 5 2 16 5 16 3 3 3 2 18 1 3
13 262 8 15 1 2 18 5 16 9 0 12 2 18 4 2 6 263 8 15 9 2 20 5 17 2 1 21 2 18 7 0
22 264 8 16 5 2 22 5 17 7 3 7 2 18 9 3 19 265 8 17 1 3 1 5 18 1 0 16 2 19 0 2 8
266 8 17 9 3 3 5 18 6 2 2 2 19 3 1 1 267 8 18 5 3 5 5 18 11 3 11 2 19 5 3 17
268 8 19 1 3 7 5 19 5 0 20 2 19 8 2 10 269 8 19 9 3 9 5 19 10 2 6 2 19 11 1 1
270 9 0 5 3 11 6 0 3 3 15 3 0 1 3 1^ 271 9 1 1 3 13 6 0 9 1 1 3 0 4 2 ^ 272 9 1
9 3 15 6 1 2 2 10 3 0 7 1 ^ 273 9 2 5 3 17 6 1 7 3 19 3 0 9 3 2^ 274 9 3 1 3 19
6 2 1 1 5 3 1 0 2 1^ 275 9 3 9 3 21 6 2 6 2 14 3 1 3 1 ^ 276 9 4 6 0 0 6 3 0 0
0 3 1 6 0 0 277 9 5 2 0 2 6 3 5 1 9 3 1 8 2 16 278 9 5 10 0 4 6 3 10 2 18 3 1
11 1 9 279 9 6 6 0 6 6 4 4 0 4 3 2 2 0 2 280 9 7 2 0 8 6 4 9 1 13 3 2 4 2 18
281 9 7 10 0 10 6 5 2 2 22 3 2 7 1 11 282 9 8 6 0 12 6 5 8 0 8 3 2 10 0 4 283 9
9 2 0 14 6 6 1 1 17 3 3 0 2 20 284 9 9 10 0 16 6 6 6 3 5 3 3 3 1 13 285 9 10 6
0 18 6 7 0 0 12 3 3 6 0 6 286 9 11 2 0 20 6 7 5 1 21 3 3 8 2 22 287 9 11 10 0
22 6 7 10 3 7 3 3 11 1 15 288 9 12 6 1 1 6 8 4 0 16 3 4 2 0 8 289 9 13 2 1 3 6
8 9 2 2 3 4 4 3 1 290 9 13 10 1 1 6 9 2 3 11 3 4 7 1 17 291 9 14 6 1 7 6 9 8 0
20 3 4 10 0 10 292 9 15 2 1 9 6 10 1 2 6 3 5 0 3 3 293 9 15 10 1 11 6 10 6 3 15
3 5 3 1 19 294 9 16 6 1 13 6 11 0 1 1 3 5 6 0 12 295 9 17 2 1 15 6 11 5 2 10 3
5 8 3 5 296 9 17 10 1 17 6 11 10 3 9 3 5 11 1 21 297 9 18 6 1 19 6 12 4 1 5 3 6
2 0 14 298 9 19 2 1 21 6 12 9 2 4 3 6 4 3 7 299 9 19 10 2 0 6 13 3 0 0 3 6 7 2
0 300 10 0 6 2 2 6 13 8 1 9 3 6 10 0 16

The Duty of EXCISE for Small BEER, for VICTUALLERS.
The Duty with the Additional. Without the Additional. The Additional only.
Bar. l. s. d. q. parts l. s. d. q. parts l. s. d. q. parts 400 13 7 4 2 18 8
18 3 0 12 4 9 1 2 6 500 16 14 2 3 11 11 2 9 3 15 5 11 4 3 19 600 20 1 1 0 4 13
7 4 2 18 6 13 8 1 9 700 23 7 11 0 20 15 11 11 1 21 7 15 11 2 22 800 26 14 9 1
13 17 16 6 1 1 8 18 3 0 12 900 30 1 7 2 6 20 1 1 0 4 10 0 6 2 2 1000 33 8 5 2
22 22 5 7 3 7 11 2 9 3 15 1100 36 15 3 3 15 24 10 2 2 10 12 5 1 1 5 1200 40 2 2
0 8 26 14 9 1 13 13 7 4 2 18 1300 43 9 0 1 1 28 19 4 0 16 14 9 8 0 8 1400 46 15
10 1 17 31 3 10 3 19 15 11 11 1 21 1500 50 2 8 2 10 33 8 5 2 22 16 14 2 3 11
1600 53 9 6 3 3 35 13 0 2 2 17 16 6 1 1 1700 56 16 4 3 19 37 17 7 1 5 18 18 9 2
14 1800 60 3 3 0 12 40 2 2 0 8 20 1 1 0 4 1900 63 10 1 1 5 42 6 8 3 11 21 3 4 1
17 2000 66 16 11 1 21 44 11 3 2 14 22 5 7 3 7 2100 70 3 9 2 14 46 15 10 1 17 23
7 11 0 10 2200 73 10 7 5 7 49 0 5 0 20 24 10 2 2 10 2300 76 17 6 0 0 51 5 0 0 0
25 12 6 0 0 2400 80 4 4 0 16 53 9 6 3 3 26 14 9 1 14 2500 83 11 2 1 9 55 14 1 2
6 27 17 0 3 3 2600 86 18 0 2 2 57 18 8 1 9 28 19 4 0 16 2700 90 4 10 2 18 60 3
3 0 12 30 1 7 2 6 2800 93 11 8 3 11 62 7 9 3 15 31 3 10 3 19

The Duty of EXCISE for Small BEER, for Common BREWERS.
The Duty with the Additional. Without the Additional. The Additional only.
Bar. l. s. d. q. parts l. s. d. q. parts l. s. d. q. parts 2900 96 18 7 0 4 64
12 4 2 18 32 6 2 1 9 3000 100 5 5 0 20 66 16 11 1 21 33 8 5 2 22 4000 133 13 10
3 19 89 2 7 1 5 44 11 3 2 14 5000 167 2 4 2 18 111 8 3 0 12 55 14 1 2 6

Firk. l. s. d. q. l s. d. q. l. s. d. q. 3 0 0 6 0 0 0 3 3 0 0 2 1 2 0 0 4 0 0
0 2 2 0 0 1 2 1 0 0 2 0 0 0 1 1 0 0 0 3

FINIS.
ADVERTISEMENT.
Note, That all the fractional Parts in these Tables for Brewers, as well Small
Beer as Strong, are so many 23 parts of a Farthing.


