A TABLE OF EXCISE FOR Strong BEER and ALE, FOR COMMON BREWERS, At 3 s. 3 d.
the Barrel, With the Allowances of Two and an half in Twenty three, In Neat
MONEY, From One to Five Thousand: IN WHICH The ADDITIONAL is separate from the
other DUTY.

The First Column is, The Duty with the Additional. The Second is, The Duty
without the Additional. The Third is, The Additional Duty only.
Published by ORDER of the GRAND COMMISSIONERS of EXCISE.

LONDON, Printed by Eliz Holt, 1690.

The Duty of EXCISE for Strong BEER and ALE, for Common BREWERS.
The Duty with the Additional. Without the Additional. The Additional only.
Bar. l. s. d. q. parts l. s. d. q. parts l. s. d. q. parts 51 7 7 8 3 5 5 13 7
2 18 1 14 1 0 10 52 7 10 7 2 6 5 15 10 1 17 1 14 9 0 12 53 7 13 6 1 7 5 18 1 0
16 1 15 5 0 14 54 7 16 5 0 8 6 0 3 3 15 1 16 1 0 16 55 7 19 3 3 9 6 2 6 2 14 1
16 9 0 18 56 8 2 2 2 10 6 4 9 1 13 1 17 5 0 20 57 8 5 1 1 11 6 7 0 0 12 1 18 1
0 22 58 8 8 0 0 12 6 9 2 3 11 1 18 9 1 1 59 8 10 10 3 13 6 11 5 2 10 1 19 5 1 3
60 8 13 9 2 14 6 13 8 1 9 2 0 1 1 5 61 8 16 8 1 15 6 15 11 0 8 2 0 9 1 7 62 8
19 7 0 16 6 18 1 3 7 2 1 5 1 9 63 9 2 5 3 17 7 0 4 2 6 2 2 1 1 11 64 9 5 4 2 18
7 2 7 1 5 2 2 9 1 13 65 9 8 3 1 19 7 4 10 0 4 2 3 5 1 15 66 9 11 2 0 20 7 7 0 3
3 2 4 1 1 17 67 9 14 0 3 11 7 9 3 2 2 2 4 9 1 19 68 9 16 11 2 22 7 11 6 1 1 2 5
5 1 21 69 9 19 10 2 0 7 13 9 0 0 2 6 1 2 0 70 10 2 9 1 1 7 15 11 2 22 2 6 9 2 2
71 10 5 8 0 2 7 18 2 1 22 2 7 5 2 4 72 10 8 6 3 3 8 0 5 0 20 2 8 1 2 6 73 10 11
5 2 4 8 2 7 3 19 2 8 9 2 8 74 10 14 4 1 5 8 4 10 2 18 2 9 5 2 10 75 10 17 3 0 6
8 7 1 1 17 2 10 1 2 12 76 11 0 1 3 7 8 9 4 0 16 2 10 9 2 14 77 11 3 0 2 8 8 11
6 3 15 2 11 5 2 16 78 11 5 11 1 9 8 13 9 2 14 2 12 1 2 18 79 11 8 10 0 10 8 16
0 1 13 2 12 9 2 20 80 11 11 8 3 11 8 18 3 0 12 2 13 5 2 22 81 11 14 7 2 12 9 0
5 3 11 2 14 1 3 1 82 11 17 6 1 13 9 2 8 2 10 2 14 9 3 3 83 12 0 5 0 14 9 4 11 1
9 2 15 5 3 5 84 12 3 3 3 15 9 7 2 0 8 2 16 1 3 7 85 12 6 2 2 16 9 9 4 3 7 2 16
9 3 9 86 12 9 1 1 17 9 11 7 2 6 2 17 5 3 11 87 12 12 0 0 18 9 13 10 1 5 2 18 1
3 13 88 12 14 10 3 19 9 16 1 0 4 2 18 9 3 15 89 12 17 9 2 20 9 18 3 3 3 2 19 5
3 17 90 13 0 8 1 21 10 0 6 2 2 3 0 1 3 19 91 13 3 7 0 22 10 2 9 1 1 3 0 9 3 21
92 13 6 6 0 0 10 5 0 0 0 3 1 6 0 0 93 13 9 4 3 1 10 7 2 2 22 3 2 2 0 2 94 13 12
3 2 2 10 9 5 1 21 3 2 10 0 4 95 13 15 2 1 3 10 11 8 0 20 3 3 6 0 6 96 13 18 1 0
4 10 13 10 3 19 3 4 2 0 8 97 14 0 11 3 5 10 16 1 2 18 3 4 10 0 10 98 14 3 10 2
6 10 18 4 1 17 3 5 6 0 12 99 14 6 9 1 7 11 0 7 0 16 3 6 2 0 14 100 14 9 8 0 8
11 2 9 3 15 3 6 10 0 16 101 14 12 6 3 9 11 5 0 2 14 3 7 6 0 18 102 14 15 5 2 10
11 7 3 1 13 3 8 2 0 20 103 14 18 4 1 11 11 9 6 0 12 3 8 10 0 22 104 15 1 3 0 12
11 11 8 3 11 3 9 6 1 1 105 15 4 1 3 13 11 13 11 2 10 3 10 2 1 3 106 15 7 0 2 14
11 16 2 1 9 3 10 10 1 5 107 15 9 11 1 15 11 18 5 0 8 3 11 6 1 7 108 15 12 10 0
16 12 0 7 3 7 3 12 2 1 9 109 15 15 8 3 17 12 2 10 2 6 3 12 10 1 11 110 15 18 7
2 18 12 5 1 1 5 3 13 6 1 13 111 16 1 6 1 19 12 7 4 0 4 3 14 2 1 15 112 16 4 5 0
20 12 9 6 3 3 3 14 10 1 17 113 16 7 3 3 21 12 11 9 2 2 3 15 6 1 19 114 16 10 2
2 22 12 14 0 1 1 3 16 2 1 21 115 16 13 1 2 0 12 16 3 0 0 3 16 10 2 0 116 16 16
0 1 1 12 18 5 2 22 3 17 6 2 2 117 16 18 11 0 2 13 0 8 1 21 3 18 2 2 4 118 17 1
9 3 3 13 2 11 0 20 3 18 10 2 6 119 17 4 8 2 4 13 5 1 3 19 3 19 6 2 8 120 17 7 7
1 5 13 7 4 2 18 4 0 2 2 10 121 17 10 6 0 6 13 9 7 1 17 4 0 10 2 12 122 17 13 4
3 7 13 11 10 0 16 4 1 6 2 14 123 17 16 3 2 8 13 14 0 3 15 4 2 2 2 16 124 17 19
2 1 9 13 16 3 2 14 4 2 10 2 18 125 18 2 1 0 10 13 18 6 1 13 4 3 6 2 20 126 18 4
11 3 11 14 0 9 0 12 4 4 2 2 22 127 18 7 10 2 12 14 2 11 3 11 4 4 10 3 1 128 18
10 9 1 13 14 5 2 2 10 4 5 6 3 3 129 18 13 8 0 14 14 7 5 1 9 4 6 2 3 5 130 18 16
6 3 15 14 9 8 0 8 4 6 10 3 7 131 18 19 5 2 16 14 11 10 3 7 4 7 6 3 9 132 19 2 4
1 17 14 14 1 2 6 4 8 2 3 11 133 19 5 3 0 18 14 16 4 1 5 4 8 10 3 13 134 19 8 1
3 19 14 18 7 0 4 4 9 6 3 15 135 19 11 0 2 20 15 0 9 3 3 4 10 2 3 17 136 19 13
11 1 21 15 3 0 2 2 4 10 10 3 19 137 19 16 10 0 22 15 5 3 1 1 4 11 6 3 21 138 19
19 9 0 0 15 7 6 0 0 4 12 3 0 0 139 20 2 7 3 1 15 9 8 2 22 4 12 11 0 2 140 20 5
6 2 2 15 11 11 1 21 4 13 7 0 4 141 20 8 5 1 3 15 14 2 0 20 4 14 3 0 6 142 20 11
4 0 4 15 16 4 3 10 4 14 11 0 8 143 20 14 2 3 5 15 18 7 2 18 4 15 7 0 10 144 20
17 1 2 6 16 0 10 1 17 4 16 3 0 12 145 21 0 0 1 7 16 3 1 0 16 4 16 11 0 14 146
21 2 11 0 8 16 5 3 3 15 4 17 7 0 16 147 21 5 9 3 9 16 7 6 2 14 4 18 3 0 18 148
21 8 8 2 10 16 9 9 1 13 4 18 11 0 20 149 21 11 7 1 11 16 12 0 0 12 4 19 7 0 22
150 21 14 6 0 12 16 14 2 3 11 5 0 3 1 1 151 21 17 4 3 13 16 16 5 2 10 5 0 11 1
3 152 22 0 3 2 14 16 18 8 1 9 5 1 7 1 5 153 22 3 2 1 15 17 0 11 0 8 5 2 3 1 7
154 22 6 1 0 16 17 3 1 3 7 5 2 11 1 9 155 22 8 11 3 17 17 5 4 2 6 5 3 7 1 11
156 22 11 10 2 18 17 7 7 1 5 5 4 3 1 13 157 22 14 9 1 19 17 9 10 0 4 5 4 11 1
15 158 22 17 8 0 20 17 12 0 3 3 5 5 7 1 17 159 23 0 6 3 21 17 14 3 2 2 5 6 3 1
19 160 23 3 5 2 22 17 16 6 1 1 5 6 11 1 21 161 23 6 4 2 0 17 18 9 0 0 5 7 7 2 0
162 23 9 3 1 1 18 0 11 2 22 5 8 3 2 2 163 23 12 2 0 2 18 3 2 1 21 5 8 11 2 4
164 23 15 0 3 3 18 5 5 0 20 5 9 7 2 6 165 23 17 11 2 4 18 7 7 3 19 5 10 3 2 8
166 24 0 10 1 5 18 9 10 2 18 5 10 11 2 10 167 24 3 9 0 6 18 12 1 1 17 5 11 7 2
12 168 24 6 7 3 7 18 14 4 0 16 5 12 3 2 14 169 24 9 6 2 8 18 16 6 3 15 5 12 11
2 16 170 24 12 5 1 9 18 18 9 2 14 5 13 7 2 18 171 24 15 4 0 10 19 1 0 1 13 5 14
3 2 20 172 24 18 2 3 11 19 3 3 0 12 5 14 11 2 22 173 25 1 1 2 12 19 5 5 3 11 5
15 7 3 1 174 25 4 0 1 13 19 7 8 2 10 5 16 3 3 3 175 25 6 11 0 14 19 9 11 1 9 5
16 11 3 5 176 25 9 9 3 15 19 12 2 0 8 5 17 7 3 7 177 25 12 8 2 16 19 14 4 3 7 5
18 3 3 9 178 25 15 7 1 17 19 16 7 2 6 5 18 11 3 11 179 25 18 6 0 18 19 18 10 1
5 5 19 7 3 13 180 26 1 4 3 19 20 1 1 0 4 6 0 3 3 15 181 26 4 3 2 20 20 3 3 3 3
6 0 11 3 17 182 26 7 2 1 21 20 5 6 2 2 6 1 7 3 19 183 26 10 1 0 22 20 7 9 1 1 6
2 3 3 21 184 26 13 0 0 0 20 10 0 0 0 6 3 0 0 0 185 26 15 10 3 1 20 12 2 2 22 6
3 8 0 2 186 26 18 9 2 2 20 14 5 1 21 6 4 4 0 4 187 27 1 8 1 3 20 16 8 0 20 6 5
0 0 6 188 27 4 7 0 4 20 18 10 3 19 6 5 8 0 8 189 27 7 5 3 5 21 1 1 2 18 6 6 4 0
10 190 27 10 4 2 6 21 3 4 1 17 6 7 0 0 12 191 27 13 3 1 7 21 5 7 0 16 6 7 8 0
14 192 27 16 2 0 8 21 7 9 3 15 6 8 4 0 16 193 27 19 0 3 9 21 10 0 2 14 6 9 0 0
18 194 28 1 11 2 10 21 12 3 1 13 6 9 8 0 20 195 28 4 10 1 11 21 14 6 0 12 6 10
4 0 22 196 28 7 9 0 12 21 16 8 3 11 6 11 0 1 1 197 28 10 7 3 13 21 18 11 2 10 6
11 8 1 3 198 28 13 6 2 14 22 1 2 1 9 6 12 4 1 5 199 28 16 5 1 15 22 3 5 0 8 6
13 0 1 7 200 28 19 4 0 16 22 5 7 3 7 6 13 8 1 9 201 29 2 2 3 17 22 7 10 2 6 6
14 4 1 11 202 29 5 1 2 18 22 10 1 1 5 6 15 0 1 13 203 29 8 0 1 19 22 12 4 0 4 6
15 8 1 15 204 29 10 11 0 20 22 14 6 3 3 6 16 4 1 17 205 29 13 9 3 21 22 16 9 2
2 6 17 0 1 19 206 29 16 8 2 22 22 19 0 1 1 6 17 8 1 21 207 29 19 7 2 0 23 1 3 0
0 6 18 4 2 0 208 30 2 6 1 1 23 3 5 2 22 6 19 0 2 2 209 30 5 5 0 2 23 5 8 1 21 6
19 8 2 4 210 30 8 3 3 3 23 7 11 0 20 7 0 4 2 6 211 30 11 2 2 4 23 10 1 3 19 7 1
0 2 8 212 30 14 1 1 5 23 12 4 2 18 7 1 8 2 10 213 30 17 0 0 6 23 14 7 1 17 7 2
4 2 12 214 30 19 10 3 7 23 16 10 0 16 7 3 0 2 14 215 31 2 9 2 8 23 19 0 3 15 7
3 8 2 16 216 31 5 8 1 9 24 1 3 2 14 7 4 4 2 18 217 31 8 7 0 10 24 3 6 1 13 7 5
0 2 20 218 31 11 5 3 11 24 5 9 0 12 7 5 8 2 22 219 31 14 4 2 12 24 7 11 3 11 7
6 4 3 1 220 31 17 3 1 13 24 10 2 2 10 7 7 0 3 3 221 32 0 2 0 14 24 12 5 1 9 7 7
8 3 5 222 32 3 0 3 15 24 14 8 0 8 7 8 4 3 7 223 32 5 11 2 16 24 16 10 3 7 7 9 0
3 9 224 32 8 10 1 17 24 19 1 2 6 7 9 8 3 11 225 32 11 9 0 18 25 1 4 1 5 7 10 4
3 13 226 32 14 7 3 19 25 3 7 0 4 7 11 0 3 15 227 32 17 6 2 20 25 5 9 3 3 7 11 8
3 17 228 33 0 5 1 21 25 8 0 2 2 7 12 4 3 19 229 33 3 4 0 22 25 10 3 1 1 7 13 0
3 21 230 33 6 3 0 0 25 12 6 0 0 7 13 9 0 0 231 33 9 1 3 1 25 14 8 2 22 7 14 5 0
2 232 33 12 0 2 2 25 16 11 1 21 7 15 1 0 4 233 33 14 11 1 3 25 19 2 0 20 7 15 9
0 6 234 33 17 10 0 4 26 1 4 3 19 7 16 5 0 8 235 34 0 8 3 5 26 3 7 2 18 7 17 1 0
10 236 34 3 7 2 6 26 5 10 1 17 7 17 9 0 12 237 34 6 6 1 7 26 8 1 0 16 7 18 5 0
14 238 34 9 5 0 8 26 10 3 3 15 7 19 1 0 16 239 34 12 3 3 9 26 12 6 2 14 7 19 9
0 18 240 34 15 2 2 10 26 14 9 1 13 8 0 5 0 20 241 34 18 1 1 11 26 17 0 0 12 8 1
1 0 22 242 35 1 0 0 12 26 19 2 3 11 8 1 9 1 1 243 35 3 10 3 13 27 1 5 2 10 8 2
5 1 3 244 35 6 9 2 14 27 3 8 1 9 8 3 1 1 5 245 35 9 8 1 15 27 5 11 0 8 8 3 9 1
7 246 35 12 7 0 16 27 8 1 3 7 8 4 5 1 9 247 35 15 5 3 17 27 10 4 2 6 8 5 1 1 11
248 35 18 4 2 18 27 12 7 1 5 8 5 9 1 13 249 36 1 3 1 19 27 14 10 0 4 8 6 5 1 15
250 36 4 2 0 20 27 17 0 3 3 8 7 1 1 17 251 36 7 0 3 21 27 19 3 2 2 8 7 9 1 19
252 36 9 11 2 22 28 1 6 1 1 8 8 5 1 21 253 36 12 10 2 0 28 3 9 0 0 8 9 1 2 0
254 36 15 9 1 1 28 5 11 2 22 8 9 9 2 2 255 36 18 8 0 2 28 8 2 1 21 8 10 5 2 4
256 37 1 6 3 3 28 10 5 0 20 8 11 1 2 6 257 37 4 5 2 4 28 12 7 3 19 8 11 9 2 8
258 37 7 4 1 5 28 14 10 2 18 8 12 5 2 10 259 37 10 3 0 6 28 17 1 1 17 8 13 1 2
12 260 37 13 1 3 7 28 19 4 0 16 8 13 9 2 14 261 37 16 0 2 8 29 1 6 3 15 8 14 5
2 16 262 37 18 11 1 9 29 3 9 2 14 8 15 1 2 18 263 38 1 10 0 10 29 6 0 1 13 8 15
9 2 20 264 38 4 8 3 11 29 8 3 0 12 8 16 5 2 22 265 38 7 7 2 12 29 10 5 3 11 8
17 1 3 1 266 38 10 6 1 13 29 12 8 2 10 8 17 9 3 3 267 38 13 5 0 14 29 14 11 1 9
8 18 5 3 5 268 38 16 3 3 15 29 17 2 0 8 8 19 1 3 7 269 38 19 2 2 16 29 19 4 3 7
8 19 9 3 9 270 39 2 1 1 17 30 1 7 2 6 9 0 5 3 11 271 39 5 0 0 18 30 3 10 1 5 9
1 1 3 13 272 39 7 10 3 19 30 6 1 0 4 9 1 9 3 15 273 39 10 9 2 20 30 8 3 3 3 9 2
5 3 17 274 39 13 8 1 21 30 10 6 2 2 9 3 1 3 19 275 39 16 7 0 22 30 12 9 1 1 9 3
9 3 21 276 39 19 6 0 0 30 15 0 0 0 9 4 6 0 0 277 40 2 4 3 1 30 17 2 2 22 9 5 2
0 2 278 40 5 3 2 2 30 19 5 1 21 9 5 10 0 4 279 40 8 2 1 3 31 1 8 0 20 9 6 6 0 6
280 40 11 1 0 4 31 3 10 3 19 9 7 2 0 8 281 40 13 11 3 5 31 6 1 2 18 9 7 10 0 10
282 40 16 10 2 6 31 8 4 1 17 9 8 6 0 12 283 40 19 9 1 7 31 10 7 0 16 9 9 2 0 14
284 41 2 8 0 8 31 12 9 3 15 9 9 10 0 16 285 41 5 6 3 9 31 15 0 2 14 9 10 6 0 18
286 41 8 5 2 10 31 17 3 1 13 9 11 2 0 20 287 41 11 4 1 11 31 19 6 0 12 9 11 10
0 22 288 41 14 3 0 12 32 1 8 3 11 9 12 6 1 1 289 41 17 1 3 13 32 3 11 2 10 9 13
2 1 3 290 42 0 0 2 14 32 6 2 1 9 9 13 10 1 5 291 42 2 11 1 15 32 8 5 0 8 9 14 6
1 7 292 42 5 10 0 16 32 10 7 3 7 9 15 2 1 9 293 42 8 8 3 17 32 12 10 2 6 9 15
10 1 11 294 42 11 7 2 18 32 15 1 1 5 9 16 6 1 13 295 42 14 6 1 19 32 17 4 0 4 9
17 2 1 15 296 42 17 5 0 20 32 19 6 3 3 9 17 10 1 17 297 43 0 3 3 21 33 1 9 2 2
9 18 6 1 19 298 43 3 2 2 22 33 4 0 1 1 9 19 2 1 21 299 43 6 1 2 0 33 6 3 0 0 9
19 10 2 0 300 43 9 0 1 1 33 8 5 2 22 10 0 6 2 2 400 57 18 8 1 9 44 11 3 2 14 13
7 4 2 18 500 72 8 4 1 17 55 14 2 2 6 16 14 2 3 11 600 86 18 0 2 2 66 16 11 1 21
20 1 1 0 4 700 101 7 8 2 10 77 19 9 1 13 23 7 11 0 20 800 115 17 4 2 18 89 2 7
1 5 26 14 9 1 13 900 130 7 0 3 3 100 5 5 0 20 30 1 7 2 6 1000 144 16 8 3 11 111
8 3 0 12 33 8 5 2 22 1100 159 6 4 3 19 122 11 1 0 4 36 15 3 3 15 1200 173 16 1
0 4 133 13 10 3 19 40 2 2 0 8 1300 188 5 9 0 12 144 16 8 3 11 43 9 0 1 1 1400
202 15 5 0 20 155 19 6 3 3 46 15 10 1 17 1500 217 5 1 1 5 167 2 4 2 18 50 2 8 2
10 1600 231 14 9 1 13 178 5 2 2 10 53 9 6 3 3 1700 246 4 5 1 21 189 8 0 2 2 56
16 4 3 19 1800 260 14 1 2 6 200 10 10 1 17 60 3 3 0 12 1900 275 3 9 2 14 211 13
8 1 9 63 10 1 1 5 2000 289 13 5 2 22 222 16 6 1 1 66 16 11 1 21 2100 304 3 1 3
7 233 19 4 0 16 70 3 9 2 14 2200 318 12 9 3 15 245 2 2 0 8 73 10 7 3 7 2300 333
2 6 0 0 256 5 0 0 0 76 17 6 0 0 2400 347 12 2 0 8 267 7 9 3 15 80 4 4 0 16 2500
362 1 10 0 16 278 10 7 3 7 83 11 2 1 9 2600 376 11 6 1 1 289 13 5 2 22 86 18 0
2 2 2700 391 1 2 1 9 300 16 3 2 14 90 4 10 2 18 2800 405 10 10 1 17 311 19 1 2
6 93 11 8 3 11 2900 420 0 6 2 2 323 1 11 1 21 96 18 7 0 4 3000 434 10 2 2 10
334 4 9 1 13 100 5 5 0 20 4000 579 6 11 1 21 445 13 0 2 2 133 13 10 3 19 5000
724 3 8 1 9 557 1 3 2 14 167 2 4 2 18 Firk. l. s. d. q. l. s. d. q. l. s. d. q.
3 0 2 2 0 0 1 8 0 0 0 6 0 2 0 1 5 1 0 1 1 1 0 0 4 0 1 0 0 8 3 0 0 6 3 0 0 2 0

FINIS.

